********************************************************************************
STREME - Sensitive, Thorough, Rapid, Enriched Motif Elicitation
********************************************************************************
MEME version 5.5.7 (Release date: Wed Jun 19 13:59:04 2024 -0700)

For further information on how to interpret these results please access https://meme-suite.org/meme.
To get a copy of the MEME Suite software please access https://meme-suite.org.

********************************************************************************


********************************************************************************
REFERENCE
********************************************************************************
If you use this program in your research, please cite:

Timothy L. Bailey,
"STREME: accurate and versatile sequence motif discovery",
Bioinformatics, Mar. 24, 2021.
********************************************************************************


ALPHABET= ACGT

strands: + -

Background letter frequencies
A 0.227 C 0.273 G 0.273 T 0.227 

MOTIF 1-RACAGCTGB STREME-1
letter-probability matrix: alength= 4 w= 9 nsites= 56298 E= 2.7e-827
 0.591974 0.033850 0.374174 0.000002
 0.694039 0.012007 0.293953 0.000002
 0.000002 0.999995 0.000002 0.000002
 0.999994 0.000002 0.000002 0.000002
 0.029028 0.011189 0.959782 0.000002
 0.069403 0.615192 0.297919 0.017486
 0.000002 0.000002 0.000002 0.999994
 0.000002 0.000002 0.999995 0.000002
 0.077442 0.443812 0.255972 0.222774

MOTIF 2-GCCCCGCCCC STREME-2
letter-probability matrix: alength= 4 w= 10 nsites= 5172 E= 5.8e-043
 0.130385 0.088884 0.640389 0.140342
 0.022811 0.930901 0.004440 0.041849
 0.003072 0.941886 0.000020 0.055022
 0.124782 0.875181 0.000020 0.000017
 0.000017 0.996787 0.000020 0.003176
 0.285098 0.000020 0.594215 0.120667
 0.000017 0.999946 0.000020 0.000017
 0.000017 0.995346 0.004620 0.000017
 0.000017 0.935807 0.000020 0.064155
 0.133587 0.736441 0.001590 0.128382

MOTIF 3-CTAAAAATAG STREME-3
letter-probability matrix: alength= 4 w= 10 nsites= 3172 E= 1.4e-032
 0.074409 0.691336 0.099093 0.135162
 0.007088 0.102736 0.002604 0.887572
 0.842317 0.066403 0.016338 0.074942
 0.715870 0.020193 0.040018 0.223919
 0.860865 0.015215 0.066629 0.057291
 0.852966 0.027203 0.028751 0.091080
 0.906086 0.015093 0.014760 0.064061
 0.023630 0.000862 0.000510 0.974997
 0.965653 0.010308 0.015981 0.008058
 0.143640 0.079600 0.716095 0.060665

MOTIF 4-CASWTGGY STREME-4
letter-probability matrix: alength= 4 w= 8 nsites= 24789 E= 1.7e-030
 0.000021 0.999917 0.000025 0.000037
 0.999930 0.000025 0.000025 0.000021
 0.000021 0.499675 0.266854 0.233450
 0.398315 0.053747 0.183200 0.364737
 0.000021 0.000025 0.000025 0.999930
 0.000021 0.000025 0.999934 0.000021
 0.115673 0.119861 0.589724 0.174742
 0.000021 0.592243 0.032516 0.375220

MOTIF 5-RTGASTCAY STREME-5
letter-probability matrix: alength= 4 w= 9 nsites= 4577 E= 5.7e-028
 0.366588 0.171026 0.434408 0.027979
 0.000030 0.000036 0.000036 0.999897
 0.000030 0.064774 0.861372 0.073824
 0.999897 0.000036 0.000036 0.000030
 0.000030 0.499970 0.499970 0.000030
 0.000030 0.000036 0.000036 0.999897
 0.073824 0.861372 0.064774 0.000030
 0.999897 0.000036 0.000036 0.000030
 0.027979 0.434408 0.171026 0.366588

MOTIF 6-CCASHAGRGGGCR STREME-6
letter-probability matrix: alength= 4 w= 13 nsites= 718 E= 1.6e-014
 0.057401 0.902618 0.000085 0.039896
 0.000071 0.986797 0.000085 0.013047
 0.890492 0.006573 0.102864 0.000071
 0.018269 0.580151 0.401509 0.000071
 0.292766 0.269889 0.019750 0.417595
 0.999759 0.000085 0.000085 0.000071
 0.000071 0.002248 0.997610 0.000071
 0.528125 0.000085 0.471719 0.000071
 0.000071 0.000085 0.771568 0.228276
 0.000071 0.004410 0.995448 0.000071
 0.000071 0.013958 0.907515 0.078456
 0.000071 0.898541 0.000085 0.101303
 0.577576 0.005877 0.416476 0.000071

MOTIF 7-CTGTCAMTCA STREME-7
letter-probability matrix: alength= 4 w= 10 nsites= 2502 E= 1.9e-013
 0.119252 0.732970 0.052881 0.094897
 0.083682 0.068342 0.027018 0.820958
 0.043192 0.000074 0.955696 0.001039
 0.000061 0.303611 0.001641 0.694687
 0.001544 0.991899 0.004623 0.001934
 0.902075 0.060389 0.015704 0.021832
 0.620399 0.326542 0.000074 0.052986
 0.000061 0.000074 0.000074 0.999791
 0.000736 0.994538 0.000074 0.004652
 0.873009 0.010845 0.028970 0.087177

MOTIF 8-WAACCACA STREME-8
letter-probability matrix: alength= 4 w= 8 nsites= 3116 E= 1.5e-011
 0.401029 0.000118 0.000118 0.598736
 0.820098 0.000118 0.179687 0.000098
 0.915010 0.084774 0.000118 0.000098
 0.000098 0.999686 0.000118 0.000098
 0.000098 0.980832 0.006577 0.012493
 0.989445 0.007205 0.003252 0.000098
 0.005096 0.991414 0.000118 0.003373
 0.758535 0.000118 0.151241 0.090106

MOTIF 9-WAGGAAT STREME-9
letter-probability matrix: alength= 4 w= 7 nsites= 25543 E= 4.6e-011
 0.388017 0.100343 0.058773 0.452867
 0.626239 0.000072 0.166473 0.207215
 0.060684 0.001529 0.937727 0.000060
 0.017839 0.000072 0.978151 0.003937
 0.973388 0.000072 0.026479 0.000060
 0.988779 0.000072 0.000072 0.011076
 0.298388 0.000072 0.068741 0.632798

MOTIF 10-KAARTA STREME-10
letter-probability matrix: alength= 4 w= 6 nsites= 12629 E= 1.6e-009
 0.115215 0.188792 0.271805 0.424189
 0.999543 0.000161 0.000161 0.000135
 0.980845 0.017098 0.000161 0.001896
 0.516222 0.017520 0.424869 0.041388
 0.000135 0.000161 0.000161 0.999543
 0.999543 0.000161 0.000161 0.000135

MOTIF 11-AGTGCTGGGATTAAA STREME-11
letter-probability matrix: alength= 4 w= 15 nsites= 393 E= 2.2e-009
 0.955103 0.009030 0.014972 0.020895
 0.068432 0.017943 0.892730 0.020895
 0.038721 0.003088 0.041711 0.916480
 0.077345 0.023885 0.860049 0.038721
 0.000097 0.928383 0.009030 0.062490
 0.006040 0.009030 0.000117 0.984814
 0.124882 0.003088 0.871933 0.000097
 0.115968 0.003088 0.851136 0.029808
 0.020895 0.029827 0.916499 0.032779
 0.928364 0.009030 0.056566 0.006040
 0.003068 0.035769 0.003088 0.958074
 0.032779 0.080335 0.042945 0.843941
 0.907567 0.017943 0.038740 0.035750
 0.788725 0.169466 0.009030 0.032779
 0.919451 0.017943 0.047654 0.014953

MOTIF 12-YYCCTCCC STREME-12
letter-probability matrix: alength= 4 w= 8 nsites= 5423 E= 3.3e-007
 0.006069 0.633583 0.000139 0.360210
 0.000116 0.415534 0.057677 0.526673
 0.008790 0.990955 0.000139 0.000116
 0.012236 0.983356 0.004292 0.000116
 0.000116 0.000139 0.147852 0.851894
 0.042379 0.957367 0.000139 0.000116
 0.000116 0.999630 0.000139 0.000116
 0.000116 0.999630 0.000139 0.000116

MOTIF 13-GTGGAGCCTCTCAGA STREME-13
letter-probability matrix: alength= 4 w= 15 nsites= 178 E= 1.8e-005
 0.085485 0.024607 0.889709 0.000200
 0.000200 0.000240 0.018515 0.981046
 0.207322 0.012423 0.755688 0.024567
 0.170770 0.006331 0.810515 0.012383
 0.956679 0.006331 0.036790 0.000200
 0.048934 0.000240 0.907984 0.042842
 0.012383 0.932351 0.000240 0.055026
 0.030658 0.907985 0.006331 0.055026
 0.012383 0.012423 0.006331 0.968862
 0.012383 0.968902 0.000240 0.018475
 0.006292 0.036790 0.000240 0.956679
 0.000200 0.956719 0.000240 0.042842
 0.944495 0.000240 0.024606 0.030659
 0.000200 0.012423 0.987177 0.000200
 0.981046 0.000240 0.012423 0.006292

MOTIF 14-CAGCTGTGSY STREME-14
letter-probability matrix: alength= 4 w= 10 nsites= 3237 E= 3.0e-005
 0.000074 0.999764 0.000089 0.000074
 0.795393 0.000089 0.204445 0.000074
 0.000074 0.000089 0.999764 0.000074
 0.000074 0.999764 0.000089 0.000074
 0.000074 0.206626 0.126036 0.667264
 0.000074 0.000089 0.999764 0.000074
 0.000074 0.240723 0.000089 0.759115
 0.071003 0.000089 0.921280 0.007628
 0.196410 0.455134 0.276282 0.072174
 0.037418 0.518254 0.110488 0.333840

MOTIF 15-GGGAAGGGA STREME-15
letter-probability matrix: alength= 4 w= 9 nsites= 1580 E= 8.0e-004
 0.036767 0.007048 0.944391 0.011794
 0.015703 0.014544 0.963830 0.005923
 0.000896 0.010521 0.978956 0.009627
 0.891363 0.066731 0.000318 0.041588
 0.927484 0.056884 0.000318 0.015314
 0.008343 0.031239 0.959840 0.000579
 0.059944 0.061692 0.778736 0.099628
 0.010350 0.028607 0.956748 0.004296
 0.782409 0.124199 0.008218 0.085174

MOTIF 16-AGATGGCGS STREME-16
letter-probability matrix: alength= 4 w= 9 nsites= 801 E= 9.5e-004
 0.987402 0.012290 0.000168 0.000140
 0.000140 0.000168 0.999551 0.000140
 0.999524 0.000168 0.000168 0.000140
 0.000140 0.000168 0.236238 0.763454
 0.000140 0.000168 0.999551 0.000140
 0.000140 0.000168 0.999551 0.000140
 0.000140 0.999551 0.000168 0.000140
 0.000140 0.000168 0.741289 0.258403
 0.075904 0.519896 0.380419 0.023781

MOTIF 17-GTCACYR STREME-17
letter-probability matrix: alength= 4 w= 7 nsites= 9987 E= 2.3e-003
 0.033358 0.000175 0.966322 0.000146
 0.000146 0.000175 0.000175 0.999505
 0.047533 0.922979 0.000175 0.029313
 0.917040 0.000175 0.082640 0.000146
 0.000146 0.834107 0.000175 0.165573
 0.000146 0.628307 0.008442 0.363106
 0.463328 0.175709 0.360817 0.000146

MOTIF 18-AAGTCCAAGGATCT STREME-18
letter-probability matrix: alength= 4 w= 14 nsites= 167 E= 2.4e-003
 0.952961 0.013489 0.020104 0.013446
 0.999263 0.000260 0.000260 0.000217
 0.013446 0.013489 0.972848 0.000217
 0.000217 0.006875 0.000260 0.992648
 0.000217 0.966233 0.000260 0.033290
 0.000217 0.946389 0.013489 0.039905
 0.992648 0.006875 0.000260 0.000217
 0.979419 0.000260 0.020104 0.000217
 0.020061 0.000260 0.979462 0.000217
 0.072978 0.013489 0.913316 0.000217
 0.992648 0.000260 0.006875 0.000217
 0.020061 0.026718 0.013489 0.939732
 0.013446 0.959619 0.006875 0.020061
 0.000217 0.020104 0.000260 0.979419

MOTIF 19-CAACAATGGTCAGC STREME-19
letter-probability matrix: alength= 4 w= 14 nsites= 129 E= 4.7e-003
 0.000276 0.990715 0.008734 0.000276
 0.973854 0.008734 0.017137 0.000276
 0.982257 0.000330 0.008734 0.008679
 0.008679 0.982312 0.000330 0.008679
 0.999063 0.000330 0.000330 0.000276
 0.931835 0.000330 0.067559 0.000276
 0.003763 0.008734 0.008734 0.978769
 0.025486 0.000330 0.957102 0.017082
 0.008679 0.000330 0.982312 0.008679
 0.000276 0.000330 0.000330 0.999063
 0.017082 0.957102 0.017137 0.008679
 0.990660 0.000330 0.000330 0.008679
 0.042292 0.000330 0.957102 0.000276
 0.000276 0.928402 0.003818 0.067504

MOTIF 20-AGTTCRAGGCCA STREME-20
letter-probability matrix: alength= 4 w= 12 nsites= 408 E= 1.2e-002
 0.983088 0.000796 0.007280 0.008835
 0.066770 0.025593 0.893791 0.013846
 0.011837 0.026741 0.026254 0.935167
 0.003546 0.004230 0.003568 0.988656
 0.013846 0.775226 0.016196 0.194732
 0.514174 0.126758 0.304605 0.054462
 0.983060 0.000135 0.004968 0.011837
 0.027074 0.004993 0.959098 0.008835
 0.027579 0.003568 0.968079 0.000774
 0.124021 0.699929 0.006849 0.169202
 0.001538 0.927374 0.033362 0.037726
 0.967293 0.007002 0.001560 0.024146

MOTIF 21-RGAGGCAGA STREME-21
letter-probability matrix: alength= 4 w= 9 nsites= 3173 E= 1.4e-002
 0.408547 0.134163 0.457114 0.000176
 0.080946 0.000210 0.918668 0.000176
 0.999404 0.000210 0.000210 0.000176
 0.000176 0.000210 0.999438 0.000176
 0.000176 0.000210 0.999438 0.000176
 0.070830 0.774674 0.154320 0.000176
 0.825238 0.099489 0.075097 0.000176
 0.084846 0.000210 0.914768 0.000176
 0.999404 0.000210 0.000210 0.000176

MOTIF 22-CCTCTGSAAGAG STREME-22
letter-probability matrix: alength= 4 w= 12 nsites= 242 E= 2.1e-002
 0.000240 0.902473 0.000288 0.097000
 0.000240 0.942157 0.004240 0.053363
 0.000240 0.000288 0.000288 0.999185
 0.007551 0.932391 0.000288 0.059770
 0.000240 0.000288 0.000288 0.999185
 0.037391 0.048109 0.906949 0.007551
 0.025666 0.325571 0.592252 0.056512
 0.914683 0.000288 0.000288 0.084742
 0.999185 0.000288 0.000288 0.000240
 0.017897 0.000288 0.981575 0.000240
 0.999185 0.000288 0.000288 0.000240
 0.093348 0.007599 0.874790 0.024264

MOTIF 23-TACCCA STREME-23
letter-probability matrix: alength= 4 w= 6 nsites= 3136 E= 2.7e-002
 0.020673 0.024782 0.024782 0.929764
 0.929764 0.024782 0.024782 0.020673
 0.020673 0.933873 0.024782 0.020673
 0.020673 0.933873 0.024782 0.020673
 0.020673 0.933873 0.024782 0.020673
 0.929764 0.024782 0.024782 0.020673

MOTIF 24-GCCCTGCCC STREME-24
letter-probability matrix: alength= 4 w= 9 nsites= 438 E= 2.8e-002
 0.020673 0.024782 0.933873 0.020673
 0.020673 0.933873 0.024782 0.020673
 0.020673 0.933873 0.024782 0.020673
 0.020673 0.933873 0.024782 0.020673
 0.020673 0.024782 0.024782 0.929764
 0.020673 0.024782 0.933873 0.020673
 0.020673 0.933873 0.024782 0.020673
 0.020673 0.933873 0.024782 0.020673
 0.020673 0.933873 0.024782 0.020673

MOTIF 25-CGGGGAC STREME-25
letter-probability matrix: alength= 4 w= 7 nsites= 725 E= 2.8e-002
 0.020673 0.933873 0.024782 0.020673
 0.020673 0.024782 0.933873 0.020673
 0.020673 0.024782 0.933873 0.020673
 0.020673 0.024782 0.933873 0.020673
 0.020673 0.024782 0.933873 0.020673
 0.929764 0.024782 0.024782 0.020673
 0.020673 0.933873 0.024782 0.020673

MOTIF 26-TGAACTCA STREME-26
letter-probability matrix: alength= 4 w= 8 nsites= 468 E= 2.9e-002
 0.020673 0.024782 0.024782 0.929764
 0.020673 0.024782 0.933873 0.020673
 0.929764 0.024782 0.024782 0.020673
 0.929764 0.024782 0.024782 0.020673
 0.020673 0.933873 0.024782 0.020673
 0.020673 0.024782 0.024782 0.929764
 0.020673 0.933873 0.024782 0.020673
 0.929764 0.024782 0.024782 0.020673

MOTIF 27-AGTCCAACTCC STREME-27
letter-probability matrix: alength= 4 w= 11 nsites= 96 E= 3.8e-002
 0.982421 0.016438 0.000622 0.000519
 0.076912 0.000622 0.921947 0.000519
 0.000519 0.000622 0.000622 0.998237
 0.000519 0.998340 0.000622 0.000519
 0.000519 0.865245 0.016438 0.117799
 0.991673 0.000622 0.007186 0.000519
 0.998237 0.000622 0.000622 0.000519
 0.000519 0.998340 0.000622 0.000519
 0.000519 0.000622 0.095519 0.903340
 0.001991 0.996868 0.000622 0.000519
 0.000519 0.991776 0.007186 0.000519

MOTIF 28-GTTGGCTCAA STREME-28
letter-probability matrix: alength= 4 w= 10 nsites= 71 E= 3.8e-002
 0.020673 0.024782 0.933873 0.020673
 0.020673 0.024782 0.024782 0.929764
 0.020673 0.024782 0.024782 0.929764
 0.020673 0.024782 0.933873 0.020673
 0.020673 0.024782 0.933873 0.020673
 0.020673 0.933873 0.024782 0.020673
 0.020673 0.024782 0.024782 0.929764
 0.020673 0.933873 0.024782 0.020673
 0.929764 0.024782 0.024782 0.020673
 0.929764 0.024782 0.024782 0.020673

MOTIF 29-CAGTCCCACAAGGC STREME-29
letter-probability matrix: alength= 4 w= 14 nsites= 113 E= 7.6e-002
 0.019705 0.969902 0.000381 0.010012
 0.998920 0.000381 0.000381 0.000318
 0.000318 0.000381 0.998983 0.000318
 0.000318 0.000381 0.000381 0.998920
 0.010012 0.950515 0.000381 0.039093
 0.000318 0.979596 0.000381 0.019705
 0.000318 0.998983 0.000381 0.000318
 0.998920 0.000381 0.000381 0.000318
 0.010012 0.882658 0.000381 0.106949
 0.872901 0.000381 0.126400 0.000318
 0.950451 0.048850 0.000381 0.000318
 0.000318 0.000381 0.989289 0.010012
 0.048787 0.000381 0.950514 0.000318
 0.000318 0.969902 0.000381 0.029399

MOTIF 30-RTGACGTCAY STREME-30
letter-probability matrix: alength= 4 w= 10 nsites= 1026 E= 8.1e-002
 0.408998 0.096026 0.468913 0.026062
 0.032237 0.094401 0.000098 0.873264
 0.022623 0.000098 0.846645 0.130634
 0.999723 0.000098 0.000098 0.000082
 0.023177 0.760297 0.103928 0.112598
 0.112598 0.103928 0.760297 0.023177
 0.000082 0.000098 0.000098 0.999723
 0.130634 0.846645 0.000098 0.022623
 0.873264 0.000098 0.094401 0.032237
 0.026062 0.468913 0.096026 0.408998

MOTIF 31-TGCGCRYGCGCA STREME-31
letter-probability matrix: alength= 4 w= 12 nsites= 522 E= 8.5e-002
 0.003029 0.119792 0.069011 0.808168
 0.037978 0.003130 0.954114 0.004778
 0.002571 0.966470 0.008482 0.022477
 0.009773 0.001335 0.988294 0.000597
 0.003198 0.994490 0.000886 0.001426
 0.555994 0.087349 0.330485 0.026172
 0.026172 0.330485 0.087349 0.555994
 0.001426 0.000886 0.994490 0.003198
 0.000597 0.988294 0.001335 0.009773
 0.022477 0.008482 0.966470 0.002571
 0.004778 0.954114 0.003130 0.037978
 0.808168 0.069011 0.119792 0.003029

MOTIF 32-ACTCTGTAGACCAGG STREME-32
letter-probability matrix: alength= 4 w= 15 nsites= 164 E= 9.1e-002
 0.651127 0.033470 0.252651 0.062751
 0.000218 0.859825 0.020187 0.119771
 0.013502 0.000261 0.013545 0.972692
 0.259249 0.567584 0.040112 0.133055
 0.000218 0.000261 0.000261 0.999260
 0.079920 0.013545 0.906317 0.000218
 0.000218 0.000261 0.006903 0.992618
 0.992618 0.000261 0.000261 0.006860
 0.113129 0.006903 0.879750 0.000218
 0.866423 0.113172 0.006903 0.013502
 0.000218 0.833257 0.000261 0.166264
 0.000218 0.919601 0.000261 0.079920
 0.966050 0.000261 0.000261 0.033427
 0.099845 0.033470 0.817217 0.049467
 0.159622 0.006903 0.786765 0.046711

MOTIF 33-ACACACACACRCAC STREME-33
letter-probability matrix: alength= 4 w= 14 nsites= 1125 E= 1.4e-001
 0.963779 0.000151 0.018415 0.017656
 0.053507 0.946217 0.000151 0.000126
 0.714589 0.034665 0.234616 0.016129
 0.000126 0.952551 0.016479 0.030844
 0.793686 0.095217 0.110971 0.000126
 0.032730 0.844610 0.020806 0.101855
 0.681144 0.024191 0.294540 0.000126
 0.011255 0.939783 0.017852 0.031110
 0.888318 0.007814 0.079754 0.024114
 0.000126 0.863928 0.000151 0.135796
 0.524654 0.026456 0.375755 0.073134
 0.005017 0.968439 0.001186 0.025358
 0.934757 0.056531 0.008586 0.000126
 0.003957 0.995766 0.000151 0.000126

MOTIF 34-ACCCACAGCCAAAC STREME-34
letter-probability matrix: alength= 4 w= 14 nsites= 111 E= 1.6e-001
 0.934361 0.000422 0.054124 0.011093
 0.000352 0.923691 0.054124 0.021833
 0.021833 0.934431 0.000422 0.043314
 0.000352 0.977392 0.000422 0.021833
 0.988063 0.000422 0.000422 0.011093
 0.000352 0.912951 0.021903 0.064794
 0.966582 0.000422 0.021903 0.011093
 0.043314 0.000422 0.955912 0.000352
 0.047771 0.908492 0.000422 0.043314
 0.043314 0.934431 0.011163 0.011093
 0.988063 0.000422 0.000422 0.011093
 0.966582 0.021903 0.011163 0.000352
 0.966582 0.021903 0.011163 0.000352
 0.011093 0.955912 0.032643 0.000352

MOTIF 35-GACAGACAGACAGAC STREME-35
letter-probability matrix: alength= 4 w= 15 nsites= 139 E= 1.6e-001
 0.000358 0.000429 0.998856 0.000358
 0.966091 0.000429 0.000429 0.033052
 0.033052 0.914210 0.016666 0.036072
 0.906151 0.000429 0.087614 0.005807
 0.043951 0.000429 0.933467 0.022154
 0.998785 0.000429 0.000429 0.000358
 0.011256 0.922569 0.033123 0.033052
 0.987887 0.000429 0.000429 0.011256
 0.006937 0.000429 0.992276 0.000358
 0.987887 0.000429 0.000429 0.011256
 0.022154 0.960713 0.011327 0.005807
 0.889803 0.000429 0.054919 0.054849
 0.011256 0.000429 0.987958 0.000358
 0.998785 0.000429 0.000429 0.000358
 0.000358 0.987958 0.000429 0.011256

MOTIF 36-AGAGAGAGAGAGAGA STREME-36
letter-probability matrix: alength= 4 w= 15 nsites= 106 E= 1.6e-001
 0.997650 0.000829 0.000829 0.000692
 0.016504 0.000829 0.981975 0.000692
 0.934401 0.000829 0.000829 0.063941
 0.000692 0.000829 0.997788 0.000692
 0.997650 0.000829 0.000829 0.000692
 0.033172 0.000829 0.944224 0.021775
 0.988900 0.009579 0.000829 0.000692
 0.008812 0.000829 0.989668 0.000692
 0.988900 0.009579 0.000829 0.000692
 0.000692 0.000829 0.997788 0.000692
 0.984838 0.009579 0.000829 0.004753
 0.021775 0.000829 0.955621 0.021775
 0.975316 0.011371 0.000829 0.012485
 0.000692 0.000829 0.997788 0.000692
 0.997650 0.000829 0.000829 0.000692

MOTIF 37-CTGGGATTAAAG STREME-37
letter-probability matrix: alength= 4 w= 12 nsites= 120 E= 1.6e-001
 0.057495 0.755918 0.023555 0.163032
 0.010900 0.057564 0.010969 0.920568
 0.158652 0.000415 0.793992 0.046941
 0.089156 0.000415 0.892372 0.018056
 0.000346 0.000415 0.946124 0.053115
 0.920567 0.000415 0.047010 0.032007
 0.000346 0.018125 0.000415 0.981114
 0.032007 0.010969 0.000415 0.956609
 0.946055 0.000415 0.032076 0.021454
 0.801492 0.082635 0.006828 0.109045
 0.949453 0.010969 0.039232 0.000346
 0.161816 0.010969 0.774101 0.053115

MOTIF 38-ACTCCAGTTCCAGG STREME-38
letter-probability matrix: alength= 4 w= 14 nsites= 183 E= 1.7e-001
 0.916644 0.035787 0.020469 0.027100
 0.023897 0.949514 0.020469 0.006120
 0.023897 0.012084 0.006159 0.957860
 0.023897 0.890258 0.029861 0.055984
 0.041674 0.823191 0.047638 0.087498
 0.946009 0.012084 0.012084 0.029823
 0.028815 0.041712 0.905576 0.023897
 0.006120 0.167297 0.023935 0.802648
 0.012046 0.044172 0.026395 0.917388
 0.017971 0.910494 0.018010 0.053525
 0.006120 0.904568 0.006159 0.083153
 0.907996 0.023935 0.032320 0.035748
 0.089079 0.018010 0.874940 0.017971
 0.057543 0.018010 0.894625 0.029822

MOTIF 39-CASCWGSTG STREME-39
letter-probability matrix: alength= 4 w= 9 nsites= 602 E= 2.3e-001
 0.001038 0.996681 0.001244 0.001038
 0.996475 0.001244 0.001244 0.001038
 0.001038 0.498962 0.498962 0.001038
 0.001038 0.996681 0.001244 0.001038
 0.498756 0.001244 0.001244 0.498756
 0.001038 0.001244 0.996681 0.001038
 0.001038 0.498962 0.498962 0.001038
 0.001038 0.001244 0.001244 0.996475
 0.001038 0.001244 0.996681 0.001038

MOTIF 40-CCCGAGGC STREME-40
letter-probability matrix: alength= 4 w= 8 nsites= 3867 E= 2.3e-001
 0.070478 0.794095 0.130619 0.004807
 0.000165 0.991326 0.000198 0.008311
 0.000165 0.999471 0.000198 0.000165
 0.191471 0.000198 0.785848 0.022484
 0.872301 0.011869 0.097377 0.018453
 0.036070 0.011024 0.949273 0.003633
 0.036019 0.110472 0.602703 0.250807
 0.191650 0.758035 0.041255 0.009060

MOTIF 41-AAAACAAA STREME-41
letter-probability matrix: alength= 4 w= 8 nsites= 426 E= 2.6e-001
 0.929764 0.024782 0.024782 0.020673
 0.929764 0.024782 0.024782 0.020673
 0.929764 0.024782 0.024782 0.020673
 0.929764 0.024782 0.024782 0.020673
 0.020673 0.933873 0.024782 0.020673
 0.929764 0.024782 0.024782 0.020673
 0.929764 0.024782 0.024782 0.020673
 0.929764 0.024782 0.024782 0.020673

MOTIF 42-GGCAGGCAGACACCA STREME-42
letter-probability matrix: alength= 4 w= 15 nsites= 49 E= 3.0e-001
 0.000720 0.000863 0.975749 0.022668
 0.088513 0.000863 0.909904 0.000720
 0.000720 0.953801 0.000863 0.044616
 0.997554 0.000863 0.000863 0.000720
 0.000720 0.000863 0.997697 0.000720
 0.000720 0.000863 0.997697 0.000720
 0.000720 0.997697 0.000863 0.000720
 0.997554 0.000863 0.000863 0.000720
 0.000720 0.000863 0.997697 0.000720
 0.975606 0.000863 0.022811 0.000720
 0.000720 0.909904 0.022811 0.066564
 0.922600 0.009972 0.022811 0.044616
 0.022668 0.975749 0.000863 0.000720
 0.022668 0.931853 0.000863 0.044616
 0.997554 0.000863 0.000863 0.000720

MOTIF 43-CCACACCC STREME-43
letter-probability matrix: alength= 4 w= 8 nsites= 955 E= 3.3e-001
 0.020673 0.933873 0.024782 0.020673
 0.020673 0.933873 0.024782 0.020673
 0.929764 0.024782 0.024782 0.020673
 0.020673 0.933873 0.024782 0.020673
 0.929764 0.024782 0.024782 0.020673
 0.020673 0.933873 0.024782 0.020673
 0.020673 0.933873 0.024782 0.020673
 0.020673 0.933873 0.024782 0.020673

MOTIF 44-CAAAGSCA STREME-44
letter-probability matrix: alength= 4 w= 8 nsites= 3272 E= 3.6e-001
 0.000215 0.987911 0.000258 0.011615
 0.999269 0.000258 0.000258 0.000215
 0.981145 0.000258 0.000258 0.018339
 0.774876 0.000258 0.224650 0.000215
 0.029371 0.210749 0.759665 0.000215
 0.000215 0.491459 0.288987 0.219339
 0.085217 0.914310 0.000258 0.000215
 0.963958 0.030444 0.005383 0.000215

MOTIF 45-CAAATGCC STREME-45
letter-probability matrix: alength= 4 w= 8 nsites= 218 E= 3.7e-001
 0.020673 0.933873 0.024782 0.020673
 0.929764 0.024782 0.024782 0.020673
 0.929764 0.024782 0.024782 0.020673
 0.929764 0.024782 0.024782 0.020673
 0.020673 0.024782 0.024782 0.929764
 0.020673 0.024782 0.933873 0.020673
 0.020673 0.933873 0.024782 0.020673
 0.020673 0.933873 0.024782 0.020673

MOTIF 46-CACGCCC STREME-46
letter-probability matrix: alength= 4 w= 7 nsites= 878 E= 4.1e-001
 0.020673 0.933873 0.024782 0.020673
 0.929764 0.024782 0.024782 0.020673
 0.020673 0.933873 0.024782 0.020673
 0.020673 0.024782 0.933873 0.020673
 0.020673 0.933873 0.024782 0.020673
 0.020673 0.933873 0.024782 0.020673
 0.020673 0.933873 0.024782 0.020673

MOTIF 47-ACRCATGTGC STREME-47
letter-probability matrix: alength= 4 w= 10 nsites= 902 E= 4.8e-001
 0.822808 0.000227 0.176776 0.000189
 0.000189 0.999395 0.000227 0.000189
 0.603824 0.000227 0.395760 0.000189
 0.009861 0.948194 0.000227 0.041719
 0.641716 0.205452 0.070050 0.082782
 0.051554 0.117056 0.000227 0.831164
 0.000189 0.000227 0.999395 0.000189
 0.000189 0.223655 0.000227 0.775929
 0.049413 0.000227 0.950171 0.000189
 0.000189 0.999395 0.000227 0.000189

MOTIF 48-CCCCACCC STREME-48
letter-probability matrix: alength= 4 w= 8 nsites= 442 E= 4.9e-001
 0.020673 0.933873 0.024782 0.020673
 0.020673 0.933873 0.024782 0.020673
 0.020673 0.933873 0.024782 0.020673
 0.020673 0.933873 0.024782 0.020673
 0.929764 0.024782 0.024782 0.020673
 0.020673 0.933873 0.024782 0.020673
 0.020673 0.933873 0.024782 0.020673
 0.020673 0.933873 0.024782 0.020673

MOTIF 49-ACCGGAAG STREME-49
letter-probability matrix: alength= 4 w= 8 nsites= 204 E= 5.2e-001
 0.929764 0.024782 0.024782 0.020673
 0.020673 0.933873 0.024782 0.020673
 0.020673 0.933873 0.024782 0.020673
 0.020673 0.024782 0.933873 0.020673
 0.020673 0.024782 0.933873 0.020673
 0.929764 0.024782 0.024782 0.020673
 0.929764 0.024782 0.024782 0.020673
 0.020673 0.024782 0.933873 0.020673

MOTIF 50-AGTGAC STREME-50
letter-probability matrix: alength= 4 w= 6 nsites= 1185 E= 5.6e-001
 0.929764 0.024782 0.024782 0.020673
 0.020673 0.024782 0.933873 0.020673
 0.020673 0.024782 0.024782 0.929764
 0.020673 0.024782 0.933873 0.020673
 0.929764 0.024782 0.024782 0.020673
 0.020673 0.933873 0.024782 0.020673

MOTIF 51-CATTTRTA STREME-51
letter-probability matrix: alength= 4 w= 8 nsites= 331 E= 5.9e-001
 0.000638 0.997960 0.000764 0.000638
 0.990479 0.000764 0.008118 0.000638
 0.000638 0.000764 0.000764 0.997833
 0.000638 0.000764 0.000764 0.997833
 0.025989 0.010919 0.000764 0.962328
 0.449403 0.000764 0.549195 0.000638
 0.000638 0.000764 0.000764 0.997833
 0.997833 0.000764 0.000764 0.000638

MOTIF 52-TATCTGCAGCTGGCA STREME-52
letter-probability matrix: alength= 4 w= 15 nsites= 85 E= 6.1e-001
 0.027415 0.000530 0.014016 0.958039
 0.796202 0.108421 0.081448 0.013928
 0.000442 0.014016 0.000530 0.985011
 0.000442 0.971613 0.027503 0.000442
 0.000442 0.014016 0.000530 0.985011
 0.027415 0.027502 0.890696 0.054387
 0.000442 0.998585 0.000530 0.000442
 0.998497 0.000530 0.000530 0.000442
 0.000442 0.000530 0.998585 0.000442
 0.000442 0.998585 0.000530 0.000442
 0.000442 0.000530 0.000530 0.998497
 0.013928 0.000530 0.985099 0.000442
 0.013928 0.000530 0.985099 0.000442
 0.000442 0.931154 0.000530 0.067873
 0.971525 0.014016 0.014016 0.000442

MOTIF 53-AGCCCCATTGA STREME-53
letter-probability matrix: alength= 4 w= 11 nsites= 47 E= 6.1e-001
 0.996902 0.001093 0.001093 0.000912
 0.000912 0.001093 0.997083 0.000912
 0.000912 0.997083 0.001093 0.000912
 0.000912 0.997083 0.001093 0.000912
 0.000912 0.941495 0.056681 0.000912
 0.000912 0.997083 0.001093 0.000912
 0.885725 0.001093 0.112270 0.000912
 0.000912 0.001093 0.001093 0.996902
 0.000912 0.001093 0.001093 0.996902
 0.000912 0.001093 0.997083 0.000912
 0.996902 0.001093 0.001093 0.000912

MOTIF 54-CCTAGCAAC STREME-54
letter-probability matrix: alength= 4 w= 9 nsites= 105 E= 7.5e-001
 0.020673 0.933873 0.024782 0.020673
 0.020673 0.933873 0.024782 0.020673
 0.020673 0.024782 0.024782 0.929764
 0.929764 0.024782 0.024782 0.020673
 0.020673 0.024782 0.933873 0.020673
 0.020673 0.933873 0.024782 0.020673
 0.929764 0.024782 0.024782 0.020673
 0.929764 0.024782 0.024782 0.020673
 0.020673 0.933873 0.024782 0.020673

MOTIF 55-CTCCTCCTCC STREME-55
letter-probability matrix: alength= 4 w= 10 nsites= 195 E= 1.1e+000
 0.020673 0.933873 0.024782 0.020673
 0.020673 0.024782 0.024782 0.929764
 0.020673 0.933873 0.024782 0.020673
 0.020673 0.933873 0.024782 0.020673
 0.020673 0.024782 0.024782 0.929764
 0.020673 0.933873 0.024782 0.020673
 0.020673 0.933873 0.024782 0.020673
 0.020673 0.024782 0.024782 0.929764
 0.020673 0.933873 0.024782 0.020673
 0.020673 0.933873 0.024782 0.020673

MOTIF 56-CAGTCAGGAGCACA STREME-56
letter-probability matrix: alength= 4 w= 14 nsites= 47 E= 1.2e+000
 0.020673 0.933873 0.024782 0.020673
 0.929764 0.024782 0.024782 0.020673
 0.020673 0.024782 0.933873 0.020673
 0.020673 0.024782 0.024782 0.929764
 0.020673 0.933873 0.024782 0.020673
 0.929764 0.024782 0.024782 0.020673
 0.020673 0.024782 0.933873 0.020673
 0.020673 0.024782 0.933873 0.020673
 0.929764 0.024782 0.024782 0.020673
 0.020673 0.024782 0.933873 0.020673
 0.020673 0.933873 0.024782 0.020673
 0.929764 0.024782 0.024782 0.020673
 0.020673 0.933873 0.024782 0.020673
 0.929764 0.024782 0.024782 0.020673

MOTIF 57-TCTCGCGAGA STREME-57
letter-probability matrix: alength= 4 w= 10 nsites= 44 E= 1.2e+000
 0.000883 0.001059 0.001059 0.996999
 0.122028 0.876030 0.001059 0.000883
 0.000883 0.001059 0.068360 0.929698
 0.000883 0.997175 0.001059 0.000883
 0.000883 0.001059 0.997175 0.000883
 0.000883 0.997175 0.001059 0.000883
 0.000883 0.001059 0.997175 0.000883
 0.929698 0.068360 0.001059 0.000883
 0.000883 0.001059 0.876030 0.122028
 0.996999 0.001059 0.001059 0.000883

MOTIF 58-CAAATTCTTC STREME-58
letter-probability matrix: alength= 4 w= 10 nsites= 64 E= 1.5e+000
 0.001034 0.996692 0.001240 0.001034
 0.895845 0.001240 0.101881 0.001034
 0.996486 0.001240 0.001240 0.001034
 0.996486 0.001240 0.001240 0.001034
 0.001034 0.001240 0.001240 0.996486
 0.001034 0.001240 0.001240 0.996486
 0.001034 0.996692 0.001240 0.001034
 0.001034 0.001240 0.054137 0.943589
 0.001034 0.001240 0.001240 0.996486
 0.001034 0.996692 0.001240 0.001034

MOTIF 59-GACAGGAGCCTAGC STREME-59
letter-probability matrix: alength= 4 w= 14 nsites= 99 E= 1.5e+000
 0.000345 0.000413 0.956859 0.042383
 0.977809 0.000413 0.000413 0.021364
 0.000345 0.946350 0.000413 0.052892
 0.956790 0.000413 0.000413 0.042383
 0.042383 0.000413 0.956859 0.000345
 0.126459 0.000413 0.872782 0.000345
 0.998829 0.000413 0.000413 0.000345
 0.063402 0.000413 0.904311 0.031873
 0.000345 0.820229 0.000413 0.179013
 0.000345 0.998897 0.000413 0.000345
 0.000345 0.000413 0.000413 0.998829
 0.956790 0.042451 0.000413 0.000345
 0.084421 0.000413 0.914821 0.000345
 0.000345 0.904311 0.042452 0.052893

MOTIF 60-CCATGGCAAC STREME-60
letter-probability matrix: alength= 4 w= 10 nsites= 84 E= 1.5e+000
 0.020673 0.933873 0.024782 0.020673
 0.020673 0.933873 0.024782 0.020673
 0.929764 0.024782 0.024782 0.020673
 0.020673 0.024782 0.024782 0.929764
 0.020673 0.024782 0.933873 0.020673
 0.020673 0.024782 0.933873 0.020673
 0.020673 0.933873 0.024782 0.020673
 0.929764 0.024782 0.024782 0.020673
 0.929764 0.024782 0.024782 0.020673
 0.020673 0.933873 0.024782 0.020673

MOTIF 61-CCCCCCCCCCCC STREME-61
letter-probability matrix: alength= 4 w= 12 nsites= 85 E= 1.5e+000
 0.020673 0.933873 0.024782 0.020673
 0.020673 0.933873 0.024782 0.020673
 0.020673 0.933873 0.024782 0.020673
 0.020673 0.933873 0.024782 0.020673
 0.020673 0.933873 0.024782 0.020673
 0.020673 0.933873 0.024782 0.020673
 0.020673 0.933873 0.024782 0.020673
 0.020673 0.933873 0.024782 0.020673
 0.020673 0.933873 0.024782 0.020673
 0.020673 0.933873 0.024782 0.020673
 0.020673 0.933873 0.024782 0.020673
 0.020673 0.933873 0.024782 0.020673

MOTIF 62-GAGGTCAGA STREME-62
letter-probability matrix: alength= 4 w= 9 nsites= 257 E= 1.6e+000
 0.020673 0.024782 0.933873 0.020673
 0.929764 0.024782 0.024782 0.020673
 0.020673 0.024782 0.933873 0.020673
 0.020673 0.024782 0.933873 0.020673
 0.020673 0.024782 0.024782 0.929764
 0.020673 0.933873 0.024782 0.020673
 0.929764 0.024782 0.024782 0.020673
 0.020673 0.024782 0.933873 0.020673
 0.929764 0.024782 0.024782 0.020673

MOTIF 63-AGCAGCAGCAGCAGC STREME-63
letter-probability matrix: alength= 4 w= 15 nsites= 268 E= 1.9e+000
 0.930657 0.018005 0.050318 0.001020
 0.020927 0.015302 0.946231 0.017540
 0.010341 0.966160 0.010270 0.013229
 0.934129 0.015462 0.048719 0.001691
 0.047439 0.010848 0.783826 0.157887
 0.018820 0.925608 0.032530 0.023042
 0.875209 0.037922 0.086703 0.000167
 0.049668 0.012486 0.919027 0.018820
 0.023965 0.911515 0.020549 0.043971
 0.928820 0.015462 0.055551 0.000167
 0.031943 0.013680 0.947011 0.007365
 0.006629 0.806365 0.162345 0.024662
 0.863977 0.061247 0.074609 0.000167
 0.080604 0.007247 0.893158 0.018991
 0.005586 0.972311 0.009886 0.012217

MOTIF 64-ATCCCCCTGCCTCAG STREME-64
letter-probability matrix: alength= 4 w= 15 nsites= 71 E= 2.4e+000
 0.998289 0.000604 0.000604 0.000504
 0.000504 0.000604 0.000604 0.998289
 0.000504 0.983040 0.015953 0.000504
 0.000504 0.998389 0.000604 0.000504
 0.000504 0.722103 0.000604 0.276790
 0.031202 0.906294 0.000604 0.061901
 0.000504 0.998389 0.000604 0.000504
 0.015853 0.000604 0.000604 0.982940
 0.000504 0.000604 0.998389 0.000504
 0.000504 0.998389 0.000604 0.000504
 0.000504 0.998389 0.000604 0.000504
 0.000504 0.000604 0.000604 0.998289
 0.000504 0.998389 0.000604 0.000504
 0.890845 0.000604 0.000604 0.107948
 0.077249 0.062001 0.860246 0.000504

MOTIF 65-CCAACCAATGGACA STREME-65
letter-probability matrix: alength= 4 w= 14 nsites= 67 E= 2.4e+000
 0.000520 0.982503 0.000623 0.016355
 0.000520 0.982503 0.000623 0.016355
 0.966564 0.000623 0.016458 0.016355
 0.982399 0.000623 0.000623 0.016355
 0.048027 0.887488 0.032294 0.032191
 0.000520 0.934995 0.016458 0.048027
 0.966564 0.000623 0.032294 0.000520
 0.998235 0.000623 0.000623 0.000520
 0.016355 0.000623 0.000623 0.982399
 0.016355 0.000623 0.934995 0.048027
 0.032191 0.000623 0.950831 0.016355
 0.950728 0.000623 0.016458 0.032191
 0.000520 0.982503 0.000623 0.016355
 0.966564 0.000623 0.016458 0.016355

MOTIF 66-ACTACAACTCC STREME-66
letter-probability matrix: alength= 4 w= 11 nsites= 81 E= 2.4e+000
 0.998148 0.000653 0.000653 0.000545
 0.000545 0.998257 0.000653 0.000545
 0.000545 0.000653 0.007549 0.991253
 0.998148 0.000653 0.000653 0.000545
 0.000545 0.991361 0.000653 0.007440
 0.959193 0.000653 0.028533 0.011621
 0.998148 0.000653 0.000653 0.000545
 0.123742 0.645275 0.213825 0.017159
 0.000545 0.007549 0.000653 0.991253
 0.033773 0.931801 0.000653 0.033773
 0.000545 0.991361 0.007549 0.000545

MOTIF 67-AATTCAACAACAGG STREME-67
letter-probability matrix: alength= 4 w= 14 nsites= 55 E= 2.4e+000
 0.871506 0.042877 0.042877 0.042740
 0.997656 0.000827 0.000827 0.000690
 0.000690 0.021852 0.000827 0.976631
 0.000690 0.042877 0.000827 0.955606
 0.042740 0.925992 0.021852 0.009416
 0.997656 0.000827 0.000827 0.000690
 0.976631 0.000827 0.021852 0.000690
 0.021715 0.976769 0.000827 0.000690
 0.829454 0.169029 0.000827 0.000690
 0.976631 0.000827 0.021852 0.000690
 0.000690 0.976769 0.000827 0.021715
 0.997656 0.000827 0.000827 0.000690
 0.000690 0.000827 0.997794 0.000690
 0.000690 0.021852 0.976769 0.000690

MOTIF 68-GGAAAACTGCCC STREME-68
letter-probability matrix: alength= 4 w= 12 nsites= 45 E= 2.4e+000
 0.020673 0.024782 0.933873 0.020673
 0.020673 0.024782 0.933873 0.020673
 0.929764 0.024782 0.024782 0.020673
 0.929764 0.024782 0.024782 0.020673
 0.929764 0.024782 0.024782 0.020673
 0.929764 0.024782 0.024782 0.020673
 0.020673 0.933873 0.024782 0.020673
 0.020673 0.024782 0.024782 0.929764
 0.020673 0.024782 0.933873 0.020673
 0.020673 0.933873 0.024782 0.020673
 0.020673 0.933873 0.024782 0.020673
 0.020673 0.933873 0.024782 0.020673

MOTIF 69-AATGCACACTGTAG STREME-69
letter-probability matrix: alength= 4 w= 14 nsites= 41 E= 2.4e+000
 0.938165 0.001152 0.059722 0.000961
 0.996736 0.001152 0.001152 0.000961
 0.000961 0.001152 0.001152 0.996736
 0.000961 0.001152 0.996927 0.000961
 0.000961 0.996927 0.001152 0.000961
 0.996736 0.001152 0.001152 0.000961
 0.000961 0.967642 0.030437 0.000961
 0.996736 0.001152 0.001152 0.000961
 0.000961 0.938357 0.030437 0.030246
 0.059531 0.030437 0.001152 0.908880
 0.000961 0.001152 0.967642 0.030246
 0.000961 0.001152 0.030437 0.967451
 0.967451 0.030437 0.001152 0.000961
 0.000961 0.001152 0.996927 0.000961

MOTIF 70-GCAGGATCCTCA STREME-70
letter-probability matrix: alength= 4 w= 12 nsites= 39 E= 2.4e+000
 0.020673 0.024782 0.933873 0.020673
 0.020673 0.933873 0.024782 0.020673
 0.929764 0.024782 0.024782 0.020673
 0.020673 0.024782 0.933873 0.020673
 0.020673 0.024782 0.933873 0.020673
 0.929764 0.024782 0.024782 0.020673
 0.020673 0.024782 0.024782 0.929764
 0.020673 0.933873 0.024782 0.020673
 0.020673 0.933873 0.024782 0.020673
 0.020673 0.024782 0.024782 0.929764
 0.020673 0.933873 0.024782 0.020673
 0.929764 0.024782 0.024782 0.020673

MOTIF 71-CTCCACCCC STREME-71
letter-probability matrix: alength= 4 w= 9 nsites= 281 E= 2.5e+000
 0.020673 0.933873 0.024782 0.020673
 0.020673 0.024782 0.024782 0.929764
 0.020673 0.933873 0.024782 0.020673
 0.020673 0.933873 0.024782 0.020673
 0.929764 0.024782 0.024782 0.020673
 0.020673 0.933873 0.024782 0.020673
 0.020673 0.933873 0.024782 0.020673
 0.020673 0.933873 0.024782 0.020673
 0.020673 0.933873 0.024782 0.020673

MOTIF 72-CCATCTCTCCAGCCC STREME-72
letter-probability matrix: alength= 4 w= 15 nsites= 129 E= 2.5e+000
 0.008128 0.841779 0.094747 0.055346
 0.000258 0.948689 0.000309 0.050743
 0.975514 0.000309 0.008179 0.015998
 0.047477 0.079740 0.000309 0.872474
 0.047477 0.794561 0.055398 0.102565
 0.047477 0.063267 0.023919 0.865337
 0.000258 0.959825 0.000309 0.039607
 0.023867 0.098013 0.023919 0.854201
 0.000258 0.967695 0.016049 0.015998
 0.000258 0.841779 0.023919 0.134044
 0.991253 0.000309 0.008179 0.000258
 0.000258 0.000309 0.967695 0.031737
 0.023867 0.825307 0.040391 0.110435
 0.023867 0.920477 0.016049 0.039607
 0.031737 0.850986 0.008179 0.109097

MOTIF 73-CACYSRGTG STREME-73
letter-probability matrix: alength= 4 w= 9 nsites= 68 E= 3.6e+000
 0.020673 0.933873 0.024782 0.020673
 0.929764 0.024782 0.024782 0.020673
 0.020673 0.933873 0.024782 0.020673
 0.020673 0.479327 0.024782 0.475218
 0.020673 0.479327 0.479327 0.020673
 0.475218 0.024782 0.479327 0.020673
 0.020673 0.024782 0.933873 0.020673
 0.020673 0.024782 0.024782 0.929764
 0.020673 0.024782 0.933873 0.020673

MOTIF 74-CCCAACCC STREME-74
letter-probability matrix: alength= 4 w= 8 nsites= 422 E= 3.6e+000
 0.020673 0.933873 0.024782 0.020673
 0.020673 0.933873 0.024782 0.020673
 0.020673 0.933873 0.024782 0.020673
 0.929764 0.024782 0.024782 0.020673
 0.929764 0.024782 0.024782 0.020673
 0.020673 0.933873 0.024782 0.020673
 0.020673 0.933873 0.024782 0.020673
 0.020673 0.933873 0.024782 0.020673

MOTIF 75-ACTTGA STREME-75
letter-probability matrix: alength= 4 w= 6 nsites= 2147 E= 3.8e+000
 0.929764 0.024782 0.024782 0.020673
 0.020673 0.933873 0.024782 0.020673
 0.020673 0.024782 0.024782 0.929764
 0.020673 0.024782 0.024782 0.929764
 0.020673 0.024782 0.933873 0.020673
 0.929764 0.024782 0.024782 0.020673

MOTIF 76-ATGAWTCAT STREME-76
letter-probability matrix: alength= 4 w= 9 nsites= 612 E= 7.7e+000
 0.750167 0.000342 0.249207 0.000285
 0.000285 0.018259 0.000342 0.981115
 0.216166 0.100946 0.493888 0.189000
 0.999032 0.000342 0.000342 0.000285
 0.499658 0.000342 0.000342 0.499658
 0.000285 0.000342 0.000342 0.999032
 0.189000 0.493888 0.100946 0.216166
 0.981115 0.000342 0.018259 0.000285
 0.000285 0.249207 0.000342 0.750167

MOTIF 77-AAAGAGTCAGATG STREME-77
letter-probability matrix: alength= 4 w= 13 nsites= 61 E= 1.5e+001
 0.998015 0.000700 0.000700 0.000584
 0.998015 0.000700 0.000700 0.000584
 0.962398 0.000700 0.036318 0.000584
 0.000584 0.000700 0.998131 0.000584
 0.908972 0.018509 0.000700 0.071819
 0.000584 0.000700 0.998131 0.000584
 0.000584 0.000700 0.000700 0.998015
 0.054010 0.944705 0.000700 0.000584
 0.980206 0.000700 0.018509 0.000584
 0.000584 0.036318 0.962514 0.000584
 0.998015 0.000700 0.000700 0.000584
 0.000584 0.000700 0.000700 0.998015
 0.000584 0.000700 0.909088 0.089628

MOTIF 78-AGCAGTTAAGA STREME-78
letter-probability matrix: alength= 4 w= 11 nsites= 74 E= 2.4e+001
 0.998113 0.000666 0.000666 0.000555
 0.000555 0.029075 0.952885 0.017485
 0.000555 0.930504 0.000666 0.068275
 0.869313 0.003927 0.126205 0.000555
 0.041441 0.000666 0.957337 0.000555
 0.000555 0.000666 0.000666 0.998113
 0.000555 0.000666 0.000666 0.998113
 0.998113 0.000666 0.000666 0.000555
 0.964254 0.034525 0.000666 0.000555
 0.000555 0.000666 0.957337 0.041441
 0.998113 0.000666 0.000666 0.000555

********************************************************************************
Stopped because 3 consecutive motifs exceeded the p-value threshold (0.05).
********************************************************************************
COMMAND:	streme --verbosity 1 --oc SRR396786_meme/streme_out -dna --seed 0 --p SRR396786_meme/seqs-centered --minw 6 --maxw 15 --order 2
********************************************************************************
CPU:		leyao
********************************************************************************
FINALTIME:	18505.27 seconds
********************************************************************************
